10351
13596
68982
79574
80280
83317
84516
93383
105810
107830
111581
117649
141919
143255
152660
155939
174454
178827
181135
196095
294117
296567
302219
303507
326993
402214
406648
407339
413318
414649
415935
418177
422488
444069
451993
451996
464321
464327
476775
487202
487398
488279
507393
507400
524992
615562
615566
619504
636875
654717
658240
671557
700031
702111
705343
728950
731702
736755
738396
741067
742710
749199
814929
818873
821302
830099
838892
838893
844084
869239
875039
883481
883482
883487
899673
899708
912068
922854
938727
947470
952200
961351
984463
986744
1010288
1015987
1052092
1060622
1067216
1080079
1081530
1082371
1082505
1082738
1086718
1086797
1088229
1091026
1104762
1109380
1122041
1149133
1150483
1200785
1205988
1211374
1217290
1217739
1224765
1227234
1252472
1262542
1266604
1278304
1285680
1292368
1292671
1305638
1335477
1348270
1354576
1356703
1370222
1371155
1372639
1385495
1391417
1436950
1440589
1447406
1452451
1453008
1461257
1467653
1467991
1473249
1474374
1476253
1487689
1491782
1567618
1575027
1575325
1588842
1597680
1597715
1598816
1600563
1608467
1611530
1636783
1638406
1653431
1678393
1682127
1689010
1692045
1692769
1698831
1700850
1700876
1701829
1702685
1706688
1710573
1720984
1722515
1722695
1723904
1728574
1750382
1752168
1752170
1758684
1766010
1768229
1781723
1781747
1797874
1802197
1805298
1805299
1807349
1821182
1866129
1869907
1873461
1886950
1886952
1892784
1919670
1931961
1948054
1952109
1968805
2011748
2016415
2029765
2034820
2039658
2040729
2064024
2068720
2071702
2073608
2081819
2083819
2085722
2095482
2108194
2134369
2151699
2157018
2161647
2163124
2175737
2229610
2234415
2242823
2269448
2279957
2280253
2289146
2297077
2304622
2324313
2329198
2349865
2350682
2357329
2359043
2364007
2368599
2372140
2375283
2384339
2395927
2397105
2398375
2416251
2416783
2417659
2425107
2428342
2429232
2430643
2434888
2435874
2436940
2441339
2442395
2443655
2448643
2448644
2449513
2451905
2454284
2457388
2457924
2458009
2475632
2478716
2479404
2489345
2510794
2510796
2519274
2552738
2554945
2565794
2566408
2571456
2573472
2574092
2575944
2575952
2580605
2580868
2586830
2605526
2606773
2622534
2629702
2633001
2633587
2634898
2648951
2679228
2681268
2683834
2683869
2686009
2702610
2735684
2740865
2761777
2782417
2784449
2795138
2801016
2808122
2818266
2822117
2851656
2864165
2865010
2878780
2887215
2899487
2901805
2902977
2906235
2913057
2916696
2984497
3029514
3076074
3102471
3103369
3116660
3137953
3140858
3147695
3171639
3189839
3198474
3207412
3230158
3253244
3253256
3259218
3259464
3260806
3261192
3267156
3270572
3324883
3335744
3339419
3339420
3370469
3372731
3372732
3372748
3395975
3442169
3481961
3487191
3491477
3493832
3495756
3496939
3499962
3560298
3567593
3567621
3577653
3580886
3584562
3585981
3589610
3605664
3611404
3611427
3611846
3612229
3619089
3623034
3652163
3664273
3676732
3681405
3697712
3700980
3722522
3743999
3765109
3767772
3789426
3793388
3793992
3799995
3829626
3871402
3878475
3916045
3929076
3953255
3954070
3969929
3989005
3995288
4005622
4007105
4044910
4050214
4057266
4059377
4061027
4061879
4088708
4570121
4720934
5008445
5120394
5539336
5544796
5884625
6003537
6040583
6084060
6093924
6127183
6135531
6136385
6139204
6142785
6149038
6149846
6150799
6167300
6169394
6185653
6186943
6207211
6208948
6214138
6219650
6234862
6247865
6265840
6277839
6294223
6295179
6298015
6298918
6312827
6314459
6326212
6336048
6364978
6406065
6412304
6417594
6442178
6447428
6457473
6462546
6478480
6539086
6601966
6608728
6611525
6619331
6646513
6661660
6666539
6673391
6691151
6692876
6704534
6713479
6715253
6718553
6748085
6757370
6766435
6771258
6787393
6788642
6793446
6830971
6841667
6846207
6847020
6847389
6853773
6857254
6885629
6934195
6947389
6961436
6967476
6967757
6970291
6972201
6976779
6980710
6982363
7044771
7053744
7057176
7066962
7093491
7124329
7124334
7136752
7149914
7152227
7152228
7162369
7176291
7181143
7226216
7258695
7260704
7270036
7272474
7276241
7286596
7295800
7364661
7378818
7386170
7403846
7405526
7413795
7415787
7416055
7416514
7418759
7428010
7429132
7504866
7506587
7508031
7510949
7512770
7513271
7513272
7514123
7519957
7534010
7541117
7542613
7543259
7552042
7563038
7563261
7568915
7583016
7583238
7585938
7589899
7596440
7601113
7603452
7603585
7605258
7621816
7626029
7629065
7677633
7680199
7685030
7685945
7688260
7689435
7693090
7693091
7726395
7733947
7734180
7735842
7735845
7735849
7735850
7744376
7750643
7751436
7755170
7758076
7771683
7775201
7789462
7795491
7796055
7796056
7804746
7805154
7814663
7816314
7830950
7839864
7847046
7858318
7873092
7878082
7878085
7892116
7892199
7894137
7902141
7931032
7931567
7965031
7982786
7983246
7986256
8006215
8015379
8027431
8055273
8060828
8085659
8089272
8104758
8120045
8127886
8129892
8129983
8129987
8158656
8166224
8168376
8168377
8192249
8202306
8207488
8227537
8228908
8241547
8241548
8241549
8241550
8241557
8241558
8241560
8241562
8245222
8245223
8247473
8256606
8271492
8283226
8290883
8316802
8320345
8331219
8364732
8371757
8380780
8388226
8391370
8392843
8397275
8413924
8416839
8440962
8445408
8481957
8485848
8514918
8523984
8524786
8525789
8532846
8537027
8559556
8568442
8576703
8577944
8586562
8588700
8620837
8656276
8659254
8659255
8670712
8670715
8673478
8688812
8692869
8699887
8714655
8722566
8727362
8731221
8734593
8739625
8741387
8751111
8757787
8760072
8781212
8789401
8789788
8794107
8801260
8812170
8817042
8820882
8821132
8822170
8834115
8837215
8839756
8842242
8866110
8867134
8871237
8873124
8876468
8886953
8888113
8896700
8897828
8909880
8919310
8920190
8921883
8922691
8928642
8930376
8937636
8938252
8950860
8955790
8957541
8964253
8967397
8972389
8978472
8983178
8985602
8986300
8989649
8989768
8993695
9013780
9034899
9037380
9037384
9037386
9038806
9056088
9056771
9059738
9059739
9059742
9064404
9067467
9067956
9092606
9096741
9096793
9114818
9118804
9126178
9133381
9134126
9141083
9142845
9146900
9146906
9148732
9163373
9169545
9178618
9178859
9212256
9218141
9225485
9227430
9229073
9229074
9263033
9272215
9272216
9278419
9279022
9279025
9284511
9310198
9315741
9316422
9334384
9336592
9341946
9351653
9363353
9369337
9385054
9387860
9391018
9394045
9412744
9421580
9438252
9439805
9442258
9453365
9455607
9455660
9458727
9464685
9473598
9473602
9476641
9483568
9497082
9497083
9512266
9512269
9518702
9531771
9541477
9560278
9565404
9582420
9593926
9624454
9631555
9636247
9646703
9651197
9652980
9669046
9681695
9685675
9688854
9691479
9694349
9700392
9703025
9716740
9717708
9718388
9723982
9728669
9738449
9748110
9749791
9749964
9751657
9772244
9792915
9805633
9808670
9808829
9821641
9852093
9855706
9857212
9857281
9860142
9861615
9862034
9862147
9864064
9873138
9915117
9915120
9924772
9926855
9929582
9929583
9929584
9929585
9929586
9929587
9929592
9929593
9929594
9929595
9929596
9929597
9929632
9929633
9929635
9929702
9931274
9972641
9990431
10021731
10029193
10037145
10051233
10052456
10076935
10082745
10096602
10099954
10100896
10101870
10192471
10195304
10208541
10212310
10217998
10222469
10223746
10227135
10232762
10235676
10320005
10321492
10337525
10348521
10363708
10363715
10367452
10375517
10377272
10386787
10386788
10393824
10394002
10400443
10400955
10406539
10407021
10414848
10427375
10440573
10444583
10447237
10457058
10457175
10461815
10462032
10464378
10473258
10479455
10495092
10499823
10516110
10521558
10531047
10542396
10545162
10561387
10561435
10564096
10570481
10574965
10576254
10592268
10592378
10594676
10596948
10600808
10607621
10607644
10609049
10624527
10630928
10640175
10640694
10643886
10644507
10649565
10660893
10667989
10668558
10683606
10693328
10707049
10707317
10710312
10716542
10718452
10720793
10729279
10729634
10736312
10736357
10736359
10736377
10742960
10756070
10761934
10769179
10770589
10775838
10779177
10792436
10794963
10799702
10828381
10836101
10842214
10854914
10854915
10854920
10861358
10862742
10863384
10883398
10883404
10898723
10906698
10908606
10913782
10931486
10940948
10944505
10963111
10963889
10973561
10980025
10980480
10981623
10995460
10998100
10998934
11015324
11015330
11027044
11027237
11035641
11050118
11054686
11072137
11079384
11079403
11079405
11094763
11095073
11103855
11124209
11124217
11124218
11124515
11125801
11148312
11151066
11151451
11163270
11168535
11168596
11169615
11169990
11178745
11180826
11180948
11189289
11195277
11199482
11201198
11208971
11208976
11209926
11214860
11218710
11222809
11222863
11223923
11236003
11238248
11238731
11266064
11274669
11274680
11287386
11287479
11292167
11296659
11304804
11319557
11322310
11322311
11322794
11326137
11331418
11343291
11343925
11346454
11353858
11356415
11388377
11388403
11390803
11399856
11401409
11409745
11411494
11418496
11425921
11432312
11442022
11447938
11455535
11456419
11463740
11470380
11472766
11472844
11474141
11516643
11548994
11555481
11556531
11564431
11566105
11588610
11589988
11593396
11672421
11675383
11675786
11704765
11705801
11705806
11714682
11729153
11729970
11738657
11743973
11744001
11745610
11746462
11757909
11759814
11774413
11784795
11789989
11795938
11807844
11825561
11834372
11840220
11852029
11854532
11869823
11876535
11884511
11895861
11898393
11904779
11915359
11920729
11921337
11924905
11943449
11974880
11984844
11989853
11997883
11999434
12002614
12006376
12006378
12007979
12020740
12037167
12037215
12040059
12044878
12052781
12056660
12069937
12077171
12084632
12091539
12106180
12132609
12132627
12151600
12151796
12171480
12204275
12205193
12270038
12350264
12351677
12351734
12353298
12354641
12362054
12368808
12376422
12379596
12381822
12392327
12397442
12414119
12427859
12429062
12438203
12438208
12448771
12454993
12454994
12466423
12484420
12484427
12502522
12513125
12540608
12541313
12543464
12552638
12554532
12562903
12606278
12606315
12626621
12629664
12645914
12648489
12649723
12676146
12684446
12692122
12703550
12709508
12726827
12729161
12736332
12736441
12752192
12754086
12764092
12764125
12765699
12768287
12769906
12770084
12770111
12770372
12771021
12782243
12802173
12818238
12827491
12834299
12836389
12838579
12839835
12842017
12849090
12850210
12851103
12856281
12857948
12866128
12869700
12878712
12879866
12886498
12887980
12898387
12900932
12915259
12915306
12917372
12948874
12952888
12960362
13525426
14100966
14222813
14287604
14520497
14523229
14527166
14555738
14566609
14567981
14586025
14592964
14600419
14601144
14602837
14605495
14608037
14623130
14634208
14637165
14637230
14651931
14654451
14654832
14681927
14686475
14697889
14700728
14715493
14745232
14752041
14752042
14758341
14762119
14872099
14964052
14983476
14994330
14999586
15018149
15026167
15037749
15046731
15048685
15048686
15052664
15066150
15080622
15087236
15102924
15103469
15121544
15125050
15126035
15140906
15170754
15178415
15183276
15190118
15194188
15200237
15207901
15208079
15210203
15211460
15217361
15235223
15240769
15251227
15254897
15261122
15269118
15269127
15272380
15282034
15287546
15297966
15309630
15329885
15337118
15352882
15353907
15353910
15363947
15364360
15389609
15389612
15389687
15454262
15455727
15466810
15466813
15466816
15467095
15471860
15481835
15484827
15487550
15495212
15561439
15563905
15570884
15570885
15574134
15574818
15581865
15585941
15612015
15612020
15619696
15621021
15641086
15646287
15647459
15649455
15656535
15667333
15673664
15689421
15703333
15703910
15712011
15732453
15741596
15755526
15758951
15780750
15788727
15800217
15809442
15816527
15816861
15829560
15844211
15853708
15856773
15856776
15882778
15886333
15893591
15898061
15913555
15928403
15928404
15929733
15930148
15934597
15944331
15950353
15960316
15971265
15974967
15985643
15986430
16003761
16006118
16007166
16030075
16040808
16051197
16079016
16079835
16088248
16091152
16093418
16097496
16099833
16103917
16106989
16121192
16126348
16127713
16129671
16195580
16217616
16217617
16217618
16217619
16217620
16220265
16243966
16263183
16274966
16276419
16284080
16289886
16309836
16322458
16328495
16332206
16364414
16369163
16374713
16385482
16387446
16389296
16394244
16406323
16409386
16423701
16425161
16452455
16455645
16456871
16469796
16473877
16477143
16477144
16493898
16494987
16495449
16500639
16505585
16510847
16540404
16552524
16555053
16573824
16598059
16604348
16607462
16611813
16611915
16614458
16621970
16634086
16634147
16651563
16677215
16680780
16705839
16707556
16710053
16720576
16725259
16728727
16732426
16733339
16763022
16772730
16786560
16787642
16805797
16826063
16828469
16836588
16838366
16841162
16843606
16845489
16859840
16868017
16872442
16873422
16887832
16891422
16897042
16899719
16900333
16904656
16909209
16911814
16912469
16920036
16928202
16929298
16930135
16933139
16935556
16956970
16971686
16977577
16979558
16989820
17015430
17019065
17024421
17027238
17030556
17031025
17056186
17083122
17090943
17095755
17103394
17108952
17113616
17122365
17128274
17131425
17140149
17154050
17156446
17156752
17157080
17169337
17176849
17188340
17189274
17207280
17208963
17211625
17215084
17216195
17229761
17235286
17266540
17267254
17284610
17287575
17287576
17287577
17287578
17287580
17287581
17287582
17287583
17290008
17292910
17301060
17329172
17331504
17339611
17345574
17349203
17360391
17372721
17379957
17388021
17388025
17389364
17447252
17447253
17452637
17462990
17468389
17468883
17473379
17478059
17484372
17495045
17506496
17512897
17513420
17522321
17558529
17560039
17566068
17567713
17578451
17579562
17606643
17610722
17618610
17626272
17629961
17636404
17644827
17652347
17683564
17686911
17693417
17696894
17698174
17702819
17703596
17704080
17704949
17705193
17715294
17722001
17724330
17724332
17743572
17761013
17767493
17767961
17786952
17804601
17826760
17827669
17854657
17872906
17879273
17885593
17913904
17913917
17919910
17925404
17928076
17928357
17929291
17944866
17952087
17960487
17960995
17977905
17982731
17995933
18003792
18003842
18007200
18024184
18054375
18054963
18063676
18075054
18077390
18077699
18156603
18156604
18171468
18186221
18197902
18199819
18245793
18250574
18250958
18266053
18270312
18278043
18278303
18279492
18294610
18296428
18296696
18296822
18300260
18319263
18321850
18332592
18332676
18342984
18360101
18362917
18378501
18379823
18380092
18402765
18417634
18420705
18431029
18449902
18464527
18465790
18466324
18470680
18479819
18481853
18499254
18501923
18519677
18537122
18537556
18539481
18556422
18559511
18621276
18622094
18627437
18628659
18634799
18653645
18684902
18713236
18729215
18801333
18805809
18812089
18818932
18824257
18830772
18831528
18831764
18838802
18846256
18925565
18930056
18952610
18972206
18975613
19001044
19002141
19003159
19006182
19008528
19013636
19014514
19014928
19015952
19019978
19025991
19026541
19029378
19038788
19039089
19041642
19041994
19047199
19052199
19055837
19056349
19071193
19073908
19082577
19088209
19092995
19106249
19118110
19122203
19123125
19127565
19143682
19145483
19162486
19167465
19179623
19184292
19198707
19221121
19223578
19229040
19232752
19246397
19253017
19256451
19261316
19266560
19268521
19275942
19284620
19284629
19285488
19287163
19295142
19304301
19329452
19332083
19343206
19352508
19363153
19371730
19371753
19377517
19386695
19408014
19408581
19409911
19422830
19436326
19439032
19443222
19445518
19470187
19474151
19487246
19515825
19522302
19548302
19556118
19562832
19564899
19565325
19571209
19571210
19571214
19571229
19571230
19581381
19587221
19587847
19593434
19619506
19622604
19628819
19629530
19636377
19641588
19641589
19643955
19655112
19660932
19664591
19674892
19674941
19681832
19686099
19686103
19686107
19686108
19686109
19686115
19686135
19686199
19702869
19704777
19708028
19709766
19717389
19769569
19784742
19787410
19789409
19800392
19817384
19833970
19837029
19847316
19872731
19875417
19877280
19884319
19890001
19898825
19935639
19937202
19952853
19962942
19997627
20009345
20016958
20028519
20031354
20035479
20051590
20054492
20055699
20060845
20063013
20071408
20080779
20090899
20091275
20093783
20109530
20111052
20116214
20122917
20133764
20133851
20138111
20139632
20143239
20145374
20147416
20156422
20156427
20176974
20179105
20200414
20204725
20224182
20224183
20233227
20336593
20338074
20347603
20377553
20382869
20400625
20406802
20408813
20409788
20428008
20430878
20436480
20438506
20445036
20451554
20453646
20457570
20457865
20460364
20463203
20478367
20498227
20508033
20518751
20519578
20525068
20531233
20537148
20538909
20543015
20546859
20547661
20554935
20565975
20571842
20575060
20596769
20598356
20605874
20607764
20617187
20619074
20631215
20637846
20639634
20649897
20653864
20664239
20668922
20684836
20696704
20700536
20705072
20716668
20726120
20739430
20797678
20808886
20816756
20830973
20831950
20836728
20838827
20848447
20882769
20888099
20926122
20927781
20930049
20932260
20936326
20940344
20942907
20943918
20950842
20955474
20965149
20971092
20972388
21029392
21038447
21048127
21048297
21049022
21054547
21076182
21094897
21094899
21098668
21099246
21099332
21105898
21106690
21108686
21125564
21133676
21158685
21167135
21171363
21174823
21194918
21195050
21200350
21224229
21227611
21228259
21232137
21237776
21242316
21245306
21254301
21256155
21257734
21264358
21278108
21290291
21290294
21290329
21303656
21307316
21322090
21324568
21328519
21334314
21344404
21344785
21350862
21370491
21376067
21376068
21382326
21382447
21383163
21414253
21420431
21422376
21430442
21437573
21450125
21452212
21470345
21471186
21472363
21477848
21481196
21490220
21490938
21504929
21507264
21527586
21539554
21544773
21558373
21566335
21572433
21573975
21592089
21592100
21601494
21604160
21606356
21622601
21624494
21625513
21653867
21655085
21667436
21670532
21675585
21678526
21703667
21709218
21711389
21728958
21739243
21746918
21750971
21755320
21772288
21781379
21791527
21805523
21820143
21846840
21861502
21871537
21882593
21882950
21883212
21883959
21890837
21901153
21940444
21940456
21941599
21955674
21978088
21991693
21994412
22024319
22028776
22028819
22031876
22056740
22086342
22099462
22099690
22109758
22110046
22111035
22118931
22120520
22125779
22138150
22142848
22177215
22183726
22186069
22188475
22194978
22202111
22210122
22213141
22214590
22219293
22224312
22229594
22230887
22234958
22237830
22248932
22253866
22254156
22261922
22266327
22279227
22289350
22292013
22293296
22305965
22314484
22315167
22315413
22335444
22341428
22353733
22362904
22363709
22387273
22399404
22399770
22427794
22438570
22440511
22442142
22450161
22462540
22482725
22505185
22509149
22511946
22527698
22536412
22543113
22546859
22552794
22558931
22570381
22579423
22579932
22581563
22592645
22621423
22640462
22643728
22659543
22669246
22679063
22683571
22722099
22736460
22736763
22737109
22761585
22777347
22786952
22792271
22794107
22836012
22855799
22883749
22904345
22905218
22909933
22911939
22932700
22947916
22948835
22955727
22956545
22965546
22976029
22978586
22983952
22994880
23010799
23019002
23019328
23023969
23029001
23041624
23050020
23085554
23085625
23095746
23097103
23109113
23124957
23126273
23131844
23132652
23137354
23147119
23151843
23182899
23203156
23226260
23238550
23238833
23241321
23251911
23261954
23280357
23306074
23320081
23323952
23328442
23336004
23339178
23341498
23348523
23350700
23351035
23377989
23404938
23412634
23414137
23418550
23436159
23438743
23447551
23466675
23467090
23472053
23473796
23475751
23494763
23506800
23515044
23520545
23526223
23531453
23537561
23563490
23565094
23572516
23573266
23578970
23584686
23585832
23604549
23626702
23627937
23636420
23639507
23662471
23671680
23674794
23696900
23697298
23709139
23709647
23710770
23720286
23731834
23736694
23737563
23748963
23761671
23767887
23774298
23817016
23820899
23821729
23824276
23826376
23843216
23850686
23850750
23856267
23857640
23862620
23866133
23870730
23870963
23883809
23884414
23886384
23908053
23908157
23916850
23925112
23925251
23928573
23933306
23933592
23936306
23943043
23944947
23946675
23950722
23950916
23958943
23959882
23974678
24008113
24024129
24043261
24045336
24057878
24060674
24068707
24077597
24096675
24105910
24111919
24124572
24131638
24142339
24145125
24152110
24155698
24156814
24157615
24189487
24195278
24200979
24215981
24219573
24219998
24234063
24236129
24242871
24263488
24269201
24271060
24280065
24287552
24302675
24302688
24326804
24327108
24333934
24358861
24367558
24378336
24382107
24382120
24382171
24385952
24386206
24395053
24406333
24412488
24428937
24446372
24455895
24466105
24474785
24492136
24497581
24514075
24523558
24531552
24586504
24587745
24590958
24613607
24613843
24621663
24630162
24630699
24634822
24646786
24653573
24665098
24681350
24682237
24695728
24699177
24700279
24711432
24712876
24732930
24736288
24741449
24751294
24756718
24756725
24759185
24763191
24795647
24803588
24807063
24808824
24814581
24820110
24836593
24840958
24843119
24843559
24860435
24862591
24869479
24881785
24887195
24898279
24926802
24931752
24961238
24961971
24976263
24993944
24996179
24997404
25016595
25017733
25036163
25086873
25091523
25096671
25107910
25123314
25123441
25125719
25149566
25183665
25192442
25198020
25205560
25209263
25214490
25220179
25223623
25231569
25243715
25248559
25260754
25263750
25273142
25282281
25283700
25299669
25300645
25301019
25304231
25305667
25324508
25331997
25340336
25340739
25342133
25343535
25354792
25366236
25368147
25381474
25386961
25392175
25411190
25421710
25436229
25450977
25482234
25489006
25491185
25497594
25524179
25529865
25532873
25537017
25559847
25568132
25568163
25573083
25588707
25591588
25618378
25624459
25652218
25653876
25654950
25656577
25662267
25673424
25681767
25692331
25704105
25726964
25736921
25740302
25740303
25740527
25743342
25775865
25787879
25797832
25820875
25825777
25852573
25857556
25857770
25858111
25899807
25938729
25940069
25947913
25959380
25969708
25975755
25978347
25981296
25983343
25986534
25987548
25994004
25997579
25998730
26020789
26028411
26033492
26039516
26042199
26044348
26051423
26058848
26061353
26066678
26071358
26096555
26096905
26102274
26107521
26110622
26116698
26119492
26121686
26126730
26131636
26131644
26134654
26136251
26140358
26164656
26168033
26187906
26199619
26256768
26257736
26269236
26272040
26289437
26308143
26324226
26361891
26365739
26377344
26377461
26400924
26402665
26411446
26421715
26447485
26453050
26474720
26475709
26477743
26483492
26492878
26493953
26503178
26505793
26510380
26522144
26525674
26530828
26534983
26541810
26545778
26550921
26552761
26572928
26573857
26589384
26589924
26589931
26597788
26600671
26602906
26603282
26603975
26610608
26627720
26631478
26635288
26662479
26675132
26684251
26686286
26692363
26701416
26718243
26721200
26730405
26741369
26760975
26782143
26791335
26804916
26807950
26824232
26839712
26847546
26850994
26852328
26854841
26862855
26863242
26865617
26866366
26871573
26884387
26892308
26893070
26901525
26912569
26916909
26917278
26918873
26941656
26944619
26950109
26957624
26972710
27009163
27012770
27028541
27035151
27035357
27040630
27065866
27084364
27085864
27087010
27122167
27141029
27151572
27161767
27162343
27170738
27227018
27227028
27241858
27287034
27287879
27315219
27342779
27348306
27353597
27358389
27368433
27369810
27374594
27377721
27388805
27399663
27422519
27428419
27458372
27464850
27465704
27476649
27480744
27493557
27509402
27513962
27565979
27613866
27619029
27628900
27639649
27641708
27641971
27650657
27667568
27680547
27706460
27727170
27760794
27781093
27787515
27797725
27800650
27806254
27819057
27836602
27846033
27846263
27853250
27863243
27873143
27877104
27893742
27914726
27914828
27930309
27940927
27941594
27980002
27990675
27992462
28012014
28026018
28034739
28062485
28066124
28083080
28084686
28100747
28101344
28117454
28118027
28119169
28120342
28121014
28131837
28144633
28145731
28148491
28152579
28154010
28160234
28167233
28174684
28185941
28187302
28188885
28189591
28192057
28192441
28197867
28198526
28202574
28205335
28213324
28236092
